data/demo/train/000001.jpg 549,369,777,605,0
data/demo/train/000002.jpg 0,207,332,523,0 220,97,918,663,0 899,70,1023,672,0
data/demo/train/000003.jpg 0,135,583,494,0 39,249,955,604,0 982,404,1023,712,0
data/demo/train/000004.jpg 0,313,113,538,0 156,120,872,589,0
data/demo/train/000005.jpg 80,389,174,446,0 222,280,1012,642,0
data/demo/train/000006.jpg 0,216,272,581,0 0,0,1023,767,0
data/demo/train/000007.jpg 42,193,769,577,0 868,411,979,483,0
data/demo/train/000008.jpg 110,85,662,767,0
data/demo/train/000009.jpg 27,116,910,662,0
data/demo/train/000010.jpg 71,144,872,721,0
data/demo/train/000011.jpg 0,0,1022,682,0
data/demo/train/000012.jpg 503,267,746,410,0
data/demo/train/000013.jpg 0,0,1022,678,0
data/demo/train/000014.jpg 0,188,440,613,0 167,88,1023,767,0
data/demo/train/000015.jpg 293,223,716,349,0
data/demo/train/000016.jpg 167,120,897,615,0
data/demo/train/000017.jpg 94,154,1002,565,0
data/demo/train/000018.jpg 39,229,465,611,0 382,275,752,554,0 615,298,983,529,0
data/demo/train/000019.jpg 55,157,430,414,0
data/demo/train/000020.jpg 0,334,509,574,0
data/demo/train/000021.jpg 0,168,48,618,0 9,12,1020,747,0 882,87,1023,727,0
data/demo/train/000022.jpg 140,130,988,664,0
data/demo/train/000023.jpg 193,139,1022,532,0
data/demo/train/000024.jpg 255,169,1015,568,0
data/demo/train/000025.jpg 477,225,981,555,0
data/demo/train/000026.jpg 33,51,816,661,0 797,257,873,420,0 867,288,903,384,0
data/demo/train/000027.jpg 0,38,535,680,0
data/demo/train/000028.jpg 400,250,990,429,0
data/demo/train/000029.jpg 323,407,684,499,0
data/demo/train/000030.jpg 481,150,1023,564,0
data/demo/train/000031.jpg 210,218,805,465,0
data/demo/train/000032.jpg 216,357,446,631,0
data/demo/train/000033.jpg 74,19,915,617,0 910,238,1023,567,0
data/demo/train/000034.jpg 95,114,833,485,0
data/demo/train/000035.jpg 403,214,587,376,0
data/demo/train/000036.jpg 141,213,753,561,0
data/demo/train/000037.jpg 618,501,911,618,0
data/demo/train/000038.jpg 275,252,691,577,0 782,391,873,483,0 879,433,920,477,0
data/demo/train/000039.jpg 112,28,968,812,0
data/demo/train/000040.jpg 20,7,1023,424,0 331,0,1023,380,0
data/demo/train/000041.jpg 101,243,908,502,0
data/demo/train/000042.jpg 472,416,746,542,0
data/demo/train/000043.jpg 0,322,33,422,0 33,201,929,520,0
data/demo/train/000044.jpg 26,160,725,858,0
data/demo/train/000045.jpg 369,95,807,461,0
data/demo/train/000046.jpg 742,631,1023,767,0
data/demo/train/000047.jpg 192,148,862,561,0 967,334,1023,373,0
data/demo/train/000048.jpg 91,328,135,392,0 141,206,216,430,0 172,176,263,453,0 212,133,316,488,0 271,51,805,582,0
data/demo/train/000049.jpg 323,326,678,514,0
data/demo/train/000050.jpg 122,116,695,695,0
data/demo/train/000051.jpg 187,165,787,375,0
data/demo/train/000052.jpg 228,132,880,608,0
data/demo/train/000053.jpg 207,228,960,633,0
data/demo/train/000054.jpg 0,8,997,594,0
data/demo/train/000055.jpg 0,196,1023,645,0
data/demo/train/000056.jpg 82,200,824,624,0 676,163,996,496,0 992,241,1023,449,0
data/demo/train/000057.jpg 147,88,639,655,0
data/demo/train/000058.jpg 156,49,865,500,0 574,156,740,245,0 787,183,946,259,0 805,197,1018,338,0
data/demo/train/000059.jpg 100,30,743,748,0
data/demo/train/000060.jpg 276,235,720,501,0 474,88,1000,560,0
data/demo/train/000061.jpg 56,273,962,656,0
data/demo/train/000062.jpg 3,5,255,554,0 238,170,280,365,0 246,49,781,664,0 773,127,1023,577,0
data/demo/train/000063.jpg 309,141,1023,752,0
data/demo/train/000064.jpg 174,371,545,530,0 508,386,680,497,0