fresh_banana1_jpeg.rf.48ea5d1fca37cd2e47216b68906e45a0.jpg 18,26,402,358,17
fresh_banana5_jpeg.rf.15bfd459139af448eef7235418d6b302.jpg 70,68,365,209,17
fresh_banana9_jpeg.rf.6659cb661201d1a60fa94003118523f6.jpg 99,45,303,350,17
fresh_banana14_jpeg.rf.10635e216b1eedbd1b1bcafa5c187182.jpg 121,137,315,341,17
fresh_banana15_jpeg.rf.baf72bdd1f4c1dcb8bc909adfeaca984.jpg 77,96,327,323,17
fresh_banana18_jpeg.rf.43edc6c3106b6107ca0f8b8a7d06e6bc.jpg 149,173,352,358,17
fresh_banana21_jpeg.rf.37c7695f29168fa21d013f8f91bbb25a.jpg 75,154,399,308,17
fresh_banana22_jpeg.rf.aa15dedbe9816484f879b538903a34b3.jpg 68,27,405,348,17
fresh_banana23_jpeg.rf.f6c2ded69571bfff697b4ebc8d6bd534.jpg 125,89,298,358,17
fresh_banana35_jpeg.rf.687f032a4b6e7079a27584f2d692192a.jpg 86,77,363,362,17
fresh_banana36_jpeg.rf.0454d912cd5751fb597b59d3b8de2759.jpg 42,174,292,358,17
fresh_banana38_jpeg.rf.7878c868a47703af5de75650edb41181.jpg 144,98,179,311,17
fresh_banana40_jpeg.rf.3604f3d259793da705863a94e55c74ef.jpg 54,42,312,330,17
fresh_banana43_jpeg.rf.46d43699c76f49b11ee232f5e9ce4351.jpg 189,99,298,341,17
fresh_banana46_jpeg.rf.7e1d3fc3ec46d736aa5951b81256af8a.jpg 40,125,290,234,17
fresh_banana49_jpeg.rf.cd44cd614b45c2e4ca27fe719f9c2905.jpg 134,68,207,178,17
fresh_orange-2-_jpg.rf.3dade7e9d430bc03546b9c0993142f0c.jpg 38,244,156,396,12 109,123,221,281,12 239,38,354,171,12
fresh_orange-3-_jpg.rf.9ba314c569d5249120a83967ced49f11.jpg 262,254,318,348,12 98,154,183,278,12 164,82,259,221,12 13,228,74,323,12 298,111,353,196,12 174,339,269,416,12 11,316,78,393,12 304,41,359,109,12 145,271,187,325,12
fresh_orange-4-_jpg.rf.0f1003db1575d537a1bb0daadf8d3c2a.jpg 27,45,240,266,12 208,161,386,381,12
fresh_orange-21-_JPG.rf.27624d5ab47617588f8d83da9cf75e9a.jpg 51,47,332,314,12
fresh_orange-55-_jpg.rf.d9e61112d1bb33846965b6c8e02dc717.jpg 47,169,120,262,12 197,254,302,390,12 283,197,379,314,12 187,113,252,193,12 259,113,342,206,12
fresh_orange-65-_jpg.rf.55597cf97209131449e63c3547feba49.jpg 104,115,172,204,12 158,84,221,156,12 236,96,296,185,12 151,180,218,262,12 278,247,357,334,12
fresh_orange-73-_jpg.rf.b2f884bc4d164add51190711d5bf5c5a.jpg 148,56,304,189,12 89,159,221,265,12 223,161,362,275,12
fresh_orange-83-_jpg.rf.c8a6485d5f8040db138f010610f3291d.jpg 4,167,126,255,12 128,167,238,252,12 236,151,327,241,12
fresh-apple--1-_jpg.rf.f7631c9292ce3dde2f7f5a9ca10703af.jpg 15,10,388,403,0
fresh-apple--8-_jpg.rf.2c769de551b0d50eadf3c628eb6bdfe3.jpg 34,0,413,409,0
fresh-apple--9-_jpg.rf.e2b28ed56210e12f23f5faf2b4eba85c.jpg 13,1,371,403,0
fresh-apple--16-_jpg.rf.445f1cd5b654d7a54bb4d90846a65e76.jpg 24,21,357,382,0
fresh-apple--19-_jpg.rf.b19483246c5dfe001381380ebca08d1d.jpg 23,44,351,380,0
fresh-apple--21-_jpg.rf.b6468b3ab7ddedb13eefeeaf0ebfb99c.jpg 21,3,384,408,0
fresh-apple--24-_jpg.rf.eb4df034af8320d723ed47fceb95fc21.jpg 16,11,400,396,0
fresh-apple--35-_jpg.rf.3a15855a2ceb4637f4c5884cb71142bc.jpg 19,35,393,385,0
